0,447
116,0
187,0
62,6
354,1
58,3
354,3
58,1
354,0
58,0
339,1
339,3
55,4
29,3
339,0
29,1
333,1
29,0
333,3
25,9
333,0
25,8
64,1
25,7
25,6
64,3
25,5
64,0
25,4
62,1
25,2
62,3
25,1
15,3
62,0
15,0
119,1
4,3
119,3
4,2
4,1
119,0
4,0
369,1
3,6
369,3
3,5
369,0
3,4
60,1
3,3
60,3
3,2
3,1
60,0
3,0
239,1
2,11
239,3
2,5
2,2
239,0
1,2
183,1
0,408
183,3
0,333
183,0
0,322
57,1
0,316
57,3
0,309
57,0
0,306
55,1
0,243
55,3
55,0
319,1
319,3
319,0
35,1
35,3
35,0
31,1
31,3
31,0
25,3
25,0
1,1
1,3
1,0
328,1
328,3
328,0
2,7
363,1
363,3
363,0
2,1
2,6
2,3
2,0
320,1
320,3
320,0
355,1
355,3
0,446
355,0
0,9
0,362
0,310
0,305
0,308
0,304
0,303
0,302
0,307
0,12
0,445
0,10
0,8
0,0
0,300
0,381
0,299
0,406
0,298
0,313
0,297
0,354
0,296
0,335
0,295
0,294
0,431
0,293
0,426
0,292
0,425
0,291
0,328
0,290
0,399
0,289
0,423
0,288
0,359
0,287
0,286
0,413
0,285
0,350
0,284
0,415
0,283
0,418
0,282
0,377
0,281
0,280
0,373
0,279
0,365
0,278
0,334
0,277
0,410
0,276
0,389
0,275
0,364
187,3
116,1
116,3
209,0
209,3
206,0
206,1
206,3
371,3
371,1
229,3
231,1
231,4
233,0
233,3
233,4
253,0
335,3
335,1
270,0
268,0
268,1
270,5
269,0
269,3
270,1
319,9
319,14
319,18
333,4
341,1
354,10
341,3
341,0
319,15
270,4
269,1
268,3
270,3
253,3
253,1
335,0
233,1
231,3
231,0
229,0
371,0
209,1
183,4
187,1
0,274
0,403
0,273
0,428
0,272
0,369
0,271
0,398
0,270
0,386
0,269
0,420
0,268
0,323
0,267
0,366
0,266
0,360
0,265
0,320
0,264
0,424
0,263
0,417
0,262
0,422
0,261
0,352
0,260
0,327
0,259
0,317
0,258
0,400
0,257
0,353
0,256
0,368
0,255
0,351
0,254
0,346
0,253
0,409
0,252
0,347
0,251
0,370
0,250
0,372
0,249
0,438
0,248
0,345
0,247
0,443
0,246
0,395
0,245
0,392
0,244
0,367
0,242
0,407
0,241
0,388
0,240
0,414
0,239
0,336
0,238
0,387
0,237
0,382
0,236
0,358
0,235
0,357
0,234
0,325
0,233
0,419
0,232
0,356
0,231
0,331
0,230
0,318
0,229
0,379
0,228
0,378
0,227
0,404
0,226
0,397
0,225
0,340
0,224
0,326
0,223
0,348
0,222
0,390
0,221
0,440
0,220
0,324
0,219
0,384
0,218
0,436
0,217
0,343
0,216
0,315
0,215
0,405
0,214
0,385
0,213
0,411
0,212
0,437
0,211
0,401
0,210
0,338
0,209
0,394
0,208
0,435
0,207
0,429
0,206
0,342
0,205
0,434
0,204
0,430
0,203
0,433
0,202
0,427
0,201
0,391
0,200
0,444
0,199
0,374
0,198
0,375
0,197
0,311
0,196
0,195
0,361
0,194
0,396
0,193
0,371
0,192
0,412
0,63
0,421
0,62
0,441
0,61
0,330
0,60
0,416
0,59
0,383
0,58
0,393
0,57
0,349
0,56
0,314
0,55
0,376
0,54
0,363
0,53
0,442
0,52
0,332
0,51
0,432
0,50
0,49
0,312
0,48
0,402
0,47
0,439
0,46
0,355
0,45
0,301
0,6
0,5
0,1
0,11
0,4
0,2
0,3
0,7
